   0.0000000e+00   2.2400000e+02   0.0000000e+00   5.0451904e+02   2.0305558e+02
   3.2000000e+01   2.2400000e+02   0.0000000e+00   5.0050679e+02   2.6152553e+02
   6.4000000e+01   2.2400000e+02   0.0000000e+00   4.9637525e+02   3.1928117e+02
   9.6000000e+01   2.2400000e+02   0.0000000e+00   4.9281016e+02   3.7650879e+02
   0.0000000e+00   1.9200000e+02   0.0000000e+00   4.4601929e+02   2.0003367e+02
   3.2000000e+01   1.9200000e+02   0.0000000e+00   4.4213391e+02   2.5858364e+02
   6.4000000e+01   1.9200000e+02   0.0000000e+00   4.3855930e+02   3.1646482e+02
   9.6000000e+01   1.9200000e+02   0.0000000e+00   4.3556177e+02   3.7404080e+02
   0.0000000e+00   1.6000000e+02   0.0000000e+00   3.8727040e+02   1.9677874e+02
   3.2000000e+01   1.6000000e+02   0.0000000e+00   3.8369061e+02   2.5572824e+02
   6.4000000e+01   1.6000000e+02   0.0000000e+00   3.8071383e+02   3.1342642e+02
   9.6000000e+01   1.6000000e+02   0.0000000e+00   3.7792235e+02   3.7129116e+02
   0.0000000e+00   1.2800000e+02   0.0000000e+00   3.2787170e+02   1.9369512e+02
   3.2000000e+01   1.2800000e+02   0.0000000e+00   3.2534000e+02   2.5261285e+02
   6.4000000e+01   1.2800000e+02   0.0000000e+00   3.2240023e+02   3.1064917e+02
   9.6000000e+01   1.2800000e+02   0.0000000e+00   3.1991619e+02   3.6858854e+02
   0.0000000e+00   9.6000000e+01   0.0000000e+00   2.6858277e+02   1.9064704e+02
   3.2000000e+01   9.6000000e+01   0.0000000e+00   2.6649926e+02   2.4973418e+02
   6.4000000e+01   9.6000000e+01   0.0000000e+00   2.6437298e+02   3.0779907e+02
   9.6000000e+01   9.6000000e+01   0.0000000e+00   2.6179518e+02   3.6623481e+02
   0.0000000e+00   6.4000000e+01   0.0000000e+00   2.0864630e+02   1.8740348e+02
   3.2000000e+01   6.4000000e+01   0.0000000e+00   2.0709965e+02   2.4675234e+02
   6.4000000e+01   6.4000000e+01   0.0000000e+00   2.0518774e+02   3.0553425e+02
   9.6000000e+01   6.4000000e+01   0.0000000e+00   2.0313300e+02   3.6377353e+02
   0.0000000e+00   3.2000000e+01   0.0000000e+00   1.4792431e+02   1.8406188e+02
   3.2000000e+01   3.2000000e+01   0.0000000e+00   1.4674980e+02   2.4386624e+02
   6.4000000e+01   3.2000000e+01   0.0000000e+00   1.4541448e+02   3.0271905e+02
   9.6000000e+01   3.2000000e+01   0.0000000e+00   1.4388773e+02   3.6141912e+02
   0.0000000e+00   0.0000000e+00   0.0000000e+00   8.7355389e+01   1.8071346e+02
   3.2000000e+01   0.0000000e+00   0.0000000e+00   8.6563576e+01   2.4075818e+02
   6.4000000e+01   0.0000000e+00   0.0000000e+00   8.5869473e+01   3.0004730e+02
   9.6000000e+01   0.0000000e+00   0.0000000e+00   8.5016461e+01   3.5839035e+02
