   0.0000000e+00   2.2400000e+02   0.0000000e+00   4.7848291e+02   1.6011148e+02
   3.2000000e+01   2.2400000e+02   0.0000000e+00   4.7706326e+02   2.1375220e+02
   6.4000000e+01   2.2400000e+02   0.0000000e+00   4.7559782e+02   2.6673322e+02
   9.6000000e+01   2.2400000e+02   0.0000000e+00   4.7445230e+02   3.2020190e+02
   0.0000000e+00   1.9200000e+02   0.0000000e+00   4.2517832e+02   1.5887671e+02
   3.2000000e+01   1.9200000e+02   0.0000000e+00   4.2407494e+02   2.1267401e+02
   6.4000000e+01   1.9200000e+02   0.0000000e+00   4.2270319e+02   2.6601887e+02
   9.6000000e+01   1.9200000e+02   0.0000000e+00   4.2173110e+02   3.1909437e+02
   0.0000000e+00   1.6000000e+02   0.0000000e+00   3.7205207e+02   1.5763651e+02
   3.2000000e+01   1.6000000e+02   0.0000000e+00   3.7080855e+02   2.1150788e+02
   6.4000000e+01   1.6000000e+02   0.0000000e+00   3.6966189e+02   2.6469568e+02
   9.6000000e+01   1.6000000e+02   0.0000000e+00   3.6897597e+02   3.1840725e+02
   0.0000000e+00   1.2800000e+02   0.0000000e+00   3.1827552e+02   1.5660290e+02
   3.2000000e+01   1.2800000e+02   0.0000000e+00   3.1747675e+02   2.1057016e+02
   6.4000000e+01   1.2800000e+02   0.0000000e+00   3.1647256e+02   2.6380569e+02
   9.6000000e+01   1.2800000e+02   0.0000000e+00   3.1581133e+02   3.1726251e+02
   0.0000000e+00   9.6000000e+01   0.0000000e+00   2.6455316e+02   1.5547493e+02
   3.2000000e+01   9.6000000e+01   0.0000000e+00   2.6405380e+02   2.0934000e+02
   6.4000000e+01   9.6000000e+01   0.0000000e+00   2.6312318e+02   2.6283555e+02
   9.6000000e+01   9.6000000e+01   0.0000000e+00   2.6248792e+02   3.1655226e+02
   0.0000000e+00   6.4000000e+01   0.0000000e+00   2.1046794e+02   1.5385404e+02
   3.2000000e+01   6.4000000e+01   0.0000000e+00   2.0991050e+02   2.0801147e+02
   6.4000000e+01   6.4000000e+01   0.0000000e+00   2.0933923e+02   2.6183064e+02
   9.6000000e+01   6.4000000e+01   0.0000000e+00   2.0870556e+02   3.1557656e+02
   0.0000000e+00   3.2000000e+01   0.0000000e+00   1.5633770e+02   1.5282083e+02
   3.2000000e+01   3.2000000e+01   0.0000000e+00   1.5575074e+02   2.0707368e+02
   6.4000000e+01   3.2000000e+01   0.0000000e+00   1.5517505e+02   2.6096920e+02
   9.6000000e+01   3.2000000e+01   0.0000000e+00   1.5466649e+02   3.1464515e+02
   0.0000000e+00   0.0000000e+00   0.0000000e+00   1.0282027e+02   1.5190511e+02
   3.2000000e+01   0.0000000e+00   0.0000000e+00   1.0176443e+02   2.0575449e+02
   6.4000000e+01   0.0000000e+00   0.0000000e+00   1.0085697e+02   2.5975182e+02
   9.6000000e+01   0.0000000e+00   0.0000000e+00   1.0144033e+02   3.1345837e+02
