   0.0000000e+00   2.2400000e+02   0.0000000e+00   4.5990066e+02   2.0478945e+02
   3.2000000e+01   2.2400000e+02   0.0000000e+00   4.5424202e+02   2.4801461e+02
   6.4000000e+01   2.2400000e+02   0.0000000e+00   4.4843278e+02   2.9124899e+02
   9.6000000e+01   2.2400000e+02   0.0000000e+00   4.4370453e+02   3.3477799e+02
   0.0000000e+00   1.9200000e+02   0.0000000e+00   4.2758716e+02   1.9705231e+02
   3.2000000e+01   1.9200000e+02   0.0000000e+00   4.2157635e+02   2.4167386e+02
   6.4000000e+01   1.9200000e+02   0.0000000e+00   4.1561504e+02   2.8646134e+02
   9.6000000e+01   1.9200000e+02   0.0000000e+00   4.1065597e+02   3.3179583e+02
   0.0000000e+00   1.6000000e+02   0.0000000e+00   3.9300940e+02   1.8853165e+02
   3.2000000e+01   1.6000000e+02   0.0000000e+00   3.8702906e+02   2.3488809e+02
   6.4000000e+01   1.6000000e+02   0.0000000e+00   3.8095114e+02   2.8126595e+02
   9.6000000e+01   1.6000000e+02   0.0000000e+00   3.7534087e+02   3.2866484e+02
   0.0000000e+00   1.2800000e+02   0.0000000e+00   3.5535338e+02   1.7933824e+02
   3.2000000e+01   1.2800000e+02   0.0000000e+00   3.4920115e+02   2.2751438e+02
   6.4000000e+01   1.2800000e+02   0.0000000e+00   3.4262687e+02   2.7567649e+02
   9.6000000e+01   1.2800000e+02   0.0000000e+00   3.3710681e+02   3.2503566e+02
   0.0000000e+00   9.6000000e+01   0.0000000e+00   3.1474314e+02   1.6918338e+02
   3.2000000e+01   9.6000000e+01   0.0000000e+00   3.0822230e+02   2.1959555e+02
   6.4000000e+01   9.6000000e+01   0.0000000e+00   3.0174445e+02   2.7007055e+02
   9.6000000e+01   9.6000000e+01   0.0000000e+00   2.9560200e+02   3.2133704e+02
   0.0000000e+00   6.4000000e+01   0.0000000e+00   2.7074688e+02   1.5827335e+02
   3.2000000e+01   6.4000000e+01   0.0000000e+00   2.6414263e+02   2.1072033e+02
   6.4000000e+01   6.4000000e+01   0.0000000e+00   2.5727726e+02   2.6358583e+02
   9.6000000e+01   6.4000000e+01   0.0000000e+00   2.5028187e+02   3.1723783e+02
   0.0000000e+00   3.2000000e+01   0.0000000e+00   2.2149490e+02   1.4616189e+02
   3.2000000e+01   3.2000000e+01   0.0000000e+00   2.1458806e+02   2.0132691e+02
   6.4000000e+01   3.2000000e+01   0.0000000e+00   2.0727251e+02   2.5654770e+02
   9.6000000e+01   3.2000000e+01   0.0000000e+00   1.9956580e+02   3.1273652e+02
   0.0000000e+00   0.0000000e+00   0.0000000e+00   1.6700268e+02   1.3316726e+02
   3.2000000e+01   0.0000000e+00   0.0000000e+00   1.5943309e+02   1.9067624e+02
   6.4000000e+01   0.0000000e+00   0.0000000e+00   1.5158269e+02   2.4876206e+02
   9.6000000e+01   0.0000000e+00   0.0000000e+00   1.4328829e+02   3.0769502e+02
