   0.0000000e+00   2.2400000e+02   0.0000000e+00   4.3204953e+02   2.0497650e+02
   3.2000000e+01   2.2400000e+02   0.0000000e+00   4.2717170e+02   2.4687529e+02
   6.4000000e+01   2.2400000e+02   0.0000000e+00   4.2238531e+02   2.8863418e+02
   9.6000000e+01   2.2400000e+02   0.0000000e+00   4.1840817e+02   3.3054939e+02
   0.0000000e+00   1.9200000e+02   0.0000000e+00   3.9541374e+02   2.0043463e+02
   3.2000000e+01   1.9200000e+02   0.0000000e+00   3.9041039e+02   2.4346904e+02
   6.4000000e+01   1.9200000e+02   0.0000000e+00   3.8549150e+02   2.8632010e+02
   9.6000000e+01   1.9200000e+02   0.0000000e+00   3.8168606e+02   3.2934580e+02
   0.0000000e+00   1.6000000e+02   0.0000000e+00   3.5683302e+02   1.9569639e+02
   3.2000000e+01   1.6000000e+02   0.0000000e+00   3.5168032e+02   2.3994414e+02
   6.4000000e+01   1.6000000e+02   0.0000000e+00   3.4727084e+02   2.8412517e+02
   9.6000000e+01   1.6000000e+02   0.0000000e+00   3.4324533e+02   3.2790209e+02
   0.0000000e+00   1.2800000e+02   0.0000000e+00   3.1590270e+02   1.9072943e+02
   3.2000000e+01   1.2800000e+02   0.0000000e+00   3.1096372e+02   2.3613350e+02
   6.4000000e+01   1.2800000e+02   0.0000000e+00   3.0663342e+02   2.8130940e+02
   9.6000000e+01   1.2800000e+02   0.0000000e+00   3.0259453e+02   3.2688552e+02
   0.0000000e+00   9.6000000e+01   0.0000000e+00   2.7235210e+02   1.8524513e+02
   3.2000000e+01   9.6000000e+01   0.0000000e+00   2.6801428e+02   2.3231377e+02
   6.4000000e+01   9.6000000e+01   0.0000000e+00   2.6368573e+02   2.7893654e+02
   9.6000000e+01   9.6000000e+01   0.0000000e+00   2.5954515e+02   3.2555716e+02
   0.0000000e+00   6.4000000e+01   0.0000000e+00   2.2657686e+02   1.7937316e+02
   3.2000000e+01   6.4000000e+01   0.0000000e+00   2.2224393e+02   2.2799690e+02
   6.4000000e+01   6.4000000e+01   0.0000000e+00   2.1804896e+02   2.7595746e+02
   9.6000000e+01   6.4000000e+01   0.0000000e+00   2.1408898e+02   3.2435947e+02
   0.0000000e+00   3.2000000e+01   0.0000000e+00   1.7735141e+02   1.7329333e+02
   3.2000000e+01   3.2000000e+01   0.0000000e+00   1.7335586e+02   2.2347112e+02
   6.4000000e+01   3.2000000e+01   0.0000000e+00   1.6885363e+02   2.7338815e+02
   9.6000000e+01   3.2000000e+01   0.0000000e+00   1.6484048e+02   3.2329426e+02
   0.0000000e+00   0.0000000e+00   0.0000000e+00   1.2527296e+02   1.6662490e+02
   3.2000000e+01   0.0000000e+00   0.0000000e+00   1.2093228e+02   2.1854432e+02
   6.4000000e+01   0.0000000e+00   0.0000000e+00   1.1661443e+02   2.7015541e+02
   9.6000000e+01   0.0000000e+00   0.0000000e+00   1.1275852e+02   3.2188659e+02
