   0.0000000e+00   2.2400000e+02   0.0000000e+00   5.0772728e+02   1.6140675e+02
   3.2000000e+01   2.2400000e+02   0.0000000e+00   4.9469134e+02   2.1215541e+02
   6.4000000e+01   2.2400000e+02   0.0000000e+00   4.8243493e+02   2.5962479e+02
   9.6000000e+01   2.2400000e+02   0.0000000e+00   4.7108350e+02   3.0525580e+02
   0.0000000e+00   1.9200000e+02   0.0000000e+00   4.5714507e+02   1.5536504e+02
   3.2000000e+01   1.9200000e+02   0.0000000e+00   4.4525378e+02   2.0732254e+02
   6.4000000e+01   1.9200000e+02   0.0000000e+00   4.3443024e+02   2.5556735e+02
   9.6000000e+01   1.9200000e+02   0.0000000e+00   4.2426132e+02   3.0159951e+02
   0.0000000e+00   1.6000000e+02   0.0000000e+00   4.0529409e+02   1.4993787e+02
   3.2000000e+01   1.6000000e+02   0.0000000e+00   3.9471375e+02   2.0239239e+02
   6.4000000e+01   1.6000000e+02   0.0000000e+00   3.8519875e+02   2.5187296e+02
   9.6000000e+01   1.6000000e+02   0.0000000e+00   3.7644865e+02   2.9842694e+02
   0.0000000e+00   1.2800000e+02   0.0000000e+00   3.5137836e+02   1.4352520e+02
   3.2000000e+01   1.2800000e+02   0.0000000e+00   3.4265412e+02   1.9686826e+02
   6.4000000e+01   1.2800000e+02   0.0000000e+00   3.3449642e+02   2.4689985e+02
   9.6000000e+01   1.2800000e+02   0.0000000e+00   3.2693021e+02   2.9437710e+02
   0.0000000e+00   9.6000000e+01   0.0000000e+00   2.9615142e+02   1.3663655e+02
   3.2000000e+01   9.6000000e+01   0.0000000e+00   2.8928420e+02   1.9127135e+02
   6.4000000e+01   9.6000000e+01   0.0000000e+00   2.8278806e+02   2.4181924e+02
   9.6000000e+01   9.6000000e+01   0.0000000e+00   2.7659641e+02   2.8991960e+02
   0.0000000e+00   6.4000000e+01   0.0000000e+00   2.3929479e+02   1.2947204e+02
   3.2000000e+01   6.4000000e+01   0.0000000e+00   2.3421052e+02   1.8480052e+02
   6.4000000e+01   6.4000000e+01   0.0000000e+00   2.2920437e+02   2.3645726e+02
   9.6000000e+01   6.4000000e+01   0.0000000e+00   2.2466551e+02   2.8537234e+02
   0.0000000e+00   3.2000000e+01   0.0000000e+00   1.8076379e+02   1.2170531e+02
   3.2000000e+01   3.2000000e+01   0.0000000e+00   1.7756461e+02   1.7819013e+02
   6.4000000e+01   3.2000000e+01   0.0000000e+00   1.7452399e+02   2.3057539e+02
   9.6000000e+01   3.2000000e+01   0.0000000e+00   1.7152779e+02   2.8019314e+02
   0.0000000e+00   0.0000000e+00   0.0000000e+00   1.2156617e+02   1.1425869e+02
   3.2000000e+01   0.0000000e+00   0.0000000e+00   1.1995018e+02   1.7123086e+02
   6.4000000e+01   0.0000000e+00   0.0000000e+00   1.1851538e+02   2.2425624e+02
   9.6000000e+01   0.0000000e+00   0.0000000e+00   1.1726313e+02   2.7454535e+02
