   0.0000000e+00   2.2400000e+02   0.0000000e+00   5.5075377e+02   1.5014865e+02
   3.2000000e+01   2.2400000e+02   0.0000000e+00   5.5402215e+02   2.1276341e+02
   6.4000000e+01   2.2400000e+02   0.0000000e+00   5.5678719e+02   2.7425391e+02
   9.6000000e+01   2.2400000e+02   0.0000000e+00   5.5974286e+02   3.3470619e+02
   0.0000000e+00   1.9200000e+02   0.0000000e+00   4.9070822e+02   1.5510388e+02
   3.2000000e+01   1.9200000e+02   0.0000000e+00   4.9415004e+02   2.1821387e+02
   6.4000000e+01   1.9200000e+02   0.0000000e+00   4.9768435e+02   2.8025196e+02
   9.6000000e+01   1.9200000e+02   0.0000000e+00   5.0198356e+02   3.4144192e+02
   0.0000000e+00   1.6000000e+02   0.0000000e+00   4.2913091e+02   1.6028557e+02
   3.2000000e+01   1.6000000e+02   0.0000000e+00   4.3293663e+02   2.2386881e+02
   6.4000000e+01   1.6000000e+02   0.0000000e+00   4.3705736e+02   2.8632154e+02
   9.6000000e+01   1.6000000e+02   0.0000000e+00   4.4192180e+02   3.4813482e+02
   0.0000000e+00   1.2800000e+02   0.0000000e+00   3.6597073e+02   1.6556703e+02
   3.2000000e+01   1.2800000e+02   0.0000000e+00   3.7067157e+02   2.2961448e+02
   6.4000000e+01   1.2800000e+02   0.0000000e+00   3.7528159e+02   2.9236434e+02
   9.6000000e+01   1.2800000e+02   0.0000000e+00   3.8066509e+02   3.5463520e+02
   0.0000000e+00   9.6000000e+01   0.0000000e+00   3.0175424e+02   1.7115899e+02
   3.2000000e+01   9.6000000e+01   0.0000000e+00   3.0749460e+02   2.3547876e+02
   6.4000000e+01   9.6000000e+01   0.0000000e+00   3.1293662e+02   2.9858771e+02
   9.6000000e+01   9.6000000e+01   0.0000000e+00   3.1863067e+02   3.6151664e+02
   0.0000000e+00   6.4000000e+01   0.0000000e+00   2.3688165e+02   1.7611499e+02
   3.2000000e+01   6.4000000e+01   0.0000000e+00   2.4332956e+02   2.4147271e+02
   6.4000000e+01   6.4000000e+01   0.0000000e+00   2.4958167e+02   3.0526414e+02
   9.6000000e+01   6.4000000e+01   0.0000000e+00   2.5552031e+02   3.6876996e+02
   0.0000000e+00   3.2000000e+01   0.0000000e+00   1.7000844e+02   1.8147651e+02
   3.2000000e+01   3.2000000e+01   0.0000000e+00   1.7723526e+02   2.4728188e+02
   6.4000000e+01   3.2000000e+01   0.0000000e+00   1.8436070e+02   3.1186176e+02
   9.6000000e+01   3.2000000e+01   0.0000000e+00   1.9089395e+02   3.7586082e+02
   0.0000000e+00   0.0000000e+00   0.0000000e+00   1.0208202e+02   1.8690163e+02
   3.2000000e+01   0.0000000e+00   0.0000000e+00   1.0977538e+02   2.5352631e+02
   6.4000000e+01   0.0000000e+00   0.0000000e+00   1.1767590e+02   3.1870588e+02
   9.6000000e+01   0.0000000e+00   0.0000000e+00   1.2543999e+02   3.8308468e+02
