   0.0000000e+00   2.2400000e+02   0.0000000e+00   4.5206863e+02   2.4182610e+02
   3.2000000e+01   2.2400000e+02   0.0000000e+00   4.4158020e+02   2.9077040e+02
   6.4000000e+01   2.2400000e+02   0.0000000e+00   4.3219015e+02   3.4016317e+02
   9.6000000e+01   2.2400000e+02   0.0000000e+00   4.2262706e+02   3.8998155e+02
   0.0000000e+00   1.9200000e+02   0.0000000e+00   4.1084266e+02   2.3071610e+02
   3.2000000e+01   1.9200000e+02   0.0000000e+00   4.0035363e+02   2.8164731e+02
   6.4000000e+01   1.9200000e+02   0.0000000e+00   3.9062720e+02   3.3250042e+02
   9.6000000e+01   1.9200000e+02   0.0000000e+00   3.8029742e+02   3.8383178e+02
   0.0000000e+00   1.6000000e+02   0.0000000e+00   3.6784832e+02   2.1903025e+02
   3.2000000e+01   1.6000000e+02   0.0000000e+00   3.5663711e+02   2.7165985e+02
   6.4000000e+01   1.6000000e+02   0.0000000e+00   3.4600875e+02   3.2447729e+02
   9.6000000e+01   1.6000000e+02   0.0000000e+00   3.3546529e+02   3.7765916e+02
   0.0000000e+00   1.2800000e+02   0.0000000e+00   3.2108284e+02   2.0651355e+02
   3.2000000e+01   1.2800000e+02   0.0000000e+00   3.0954316e+02   2.6082451e+02
   6.4000000e+01   1.2800000e+02   0.0000000e+00   2.9795181e+02   3.1564311e+02
   9.6000000e+01   1.2800000e+02   0.0000000e+00   2.8737441e+02   3.7137314e+02
   0.0000000e+00   9.6000000e+01   0.0000000e+00   2.7021496e+02   1.9243864e+02
   3.2000000e+01   9.6000000e+01   0.0000000e+00   2.5770036e+02   2.4951136e+02
   6.4000000e+01   9.6000000e+01   0.0000000e+00   2.4573024e+02   3.0654607e+02
   9.6000000e+01   9.6000000e+01   0.0000000e+00   2.3338244e+02   3.6386170e+02
   0.0000000e+00   6.4000000e+01   0.0000000e+00   2.1505887e+02   1.7747204e+02
   3.2000000e+01   6.4000000e+01   0.0000000e+00   2.0220318e+02   2.3690352e+02
   6.4000000e+01   6.4000000e+01   0.0000000e+00   1.9077987e+02   2.9664155e+02
   9.6000000e+01   6.4000000e+01   0.0000000e+00   1.7908854e+02   3.5714904e+02
   0.0000000e+00   3.2000000e+01   0.0000000e+00   1.5524994e+02   1.6150763e+02
   3.2000000e+01   3.2000000e+01   0.0000000e+00   1.4123029e+02   2.2335698e+02
   6.4000000e+01   3.2000000e+01   0.0000000e+00   1.2678377e+02   2.8523933e+02
   9.6000000e+01   3.2000000e+01   0.0000000e+00   1.1718984e+02   3.4845979e+02
   0.0000000e+00   0.0000000e+00   0.0000000e+00   8.9645908e+01   1.4319795e+02
   3.2000000e+01   0.0000000e+00   0.0000000e+00   7.6922546e+01   2.0884111e+02
   6.4000000e+01   0.0000000e+00   0.0000000e+00   6.1622743e+01   2.7350775e+02
   9.6000000e+01   0.0000000e+00   0.0000000e+00   4.7969000e+01   3.3835455e+02
