   0.0000000e+00   2.2400000e+02   0.0000000e+00   4.5616793e+02   9.0065409e+01
   3.2000000e+01   2.2400000e+02   0.0000000e+00   4.6895559e+02   1.4044050e+02
   6.4000000e+01   2.2400000e+02   0.0000000e+00   4.8154606e+02   1.8903400e+02
   9.6000000e+01   2.2400000e+02   0.0000000e+00   4.9430928e+02   2.3625392e+02
   0.0000000e+00   1.9200000e+02   0.0000000e+00   4.0865322e+02   1.0602046e+02
   3.2000000e+01   1.9200000e+02   0.0000000e+00   4.2224282e+02   1.5666925e+02
   6.4000000e+01   1.9200000e+02   0.0000000e+00   4.3569222e+02   2.0533375e+02
   9.6000000e+01   1.9200000e+02   0.0000000e+00   4.4905741e+02   2.5263723e+02
   0.0000000e+00   1.6000000e+02   0.0000000e+00   3.6024444e+02   1.2258238e+02
   3.2000000e+01   1.6000000e+02   0.0000000e+00   3.7486348e+02   1.7353101e+02
   6.4000000e+01   1.6000000e+02   0.0000000e+00   3.8892597e+02   2.2234579e+02
   9.6000000e+01   1.6000000e+02   0.0000000e+00   4.0337266e+02   2.6945365e+02
   0.0000000e+00   1.2800000e+02   0.0000000e+00   3.1051079e+02   1.3943986e+02
   3.2000000e+01   1.2800000e+02   0.0000000e+00   3.2629450e+02   1.9037209e+02
   6.4000000e+01   1.2800000e+02   0.0000000e+00   3.4163278e+02   2.3907982e+02
   9.6000000e+01   1.2800000e+02   0.0000000e+00   3.5662904e+02   2.8670973e+02
   0.0000000e+00   9.6000000e+01   0.0000000e+00   2.5988587e+02   1.5643654e+02
   3.2000000e+01   9.6000000e+01   0.0000000e+00   2.7692658e+02   2.0751685e+02
   6.4000000e+01   9.6000000e+01   0.0000000e+00   2.9348857e+02   2.5654940e+02
   9.6000000e+01   9.6000000e+01   0.0000000e+00   3.0948552e+02   3.0411249e+02
   0.0000000e+00   6.4000000e+01   0.0000000e+00   2.0809728e+02   1.7376137e+02
   3.2000000e+01   6.4000000e+01   0.0000000e+00   2.2647947e+02   2.2477741e+02
   6.4000000e+01   6.4000000e+01   0.0000000e+00   2.4409796e+02   2.7434220e+02
   9.6000000e+01   6.4000000e+01   0.0000000e+00   2.6121021e+02   3.2232235e+02
   0.0000000e+00   3.2000000e+01   0.0000000e+00   1.5477428e+02   1.9125048e+02
   3.2000000e+01   3.2000000e+01   0.0000000e+00   1.7451174e+02   2.4273579e+02
   6.4000000e+01   3.2000000e+01   0.0000000e+00   1.9341553e+02   2.9247002e+02
   9.6000000e+01   3.2000000e+01   0.0000000e+00   2.1154509e+02   3.4068485e+02
   0.0000000e+00   0.0000000e+00   0.0000000e+00   1.0027545e+02   2.0956539e+02
   3.2000000e+01   0.0000000e+00   0.0000000e+00   1.2138655e+02   2.6123846e+02
   6.4000000e+01   0.0000000e+00   0.0000000e+00   1.4143503e+02   3.1087061e+02
   9.6000000e+01   0.0000000e+00   0.0000000e+00   1.6058423e+02   3.5930468e+02
