   0.0000000e+00   2.2400000e+02   0.0000000e+00   5.1247163e+02   2.4765480e+02
   3.2000000e+01   2.2400000e+02   0.0000000e+00   4.9259656e+02   2.9448147e+02
   6.4000000e+01   2.2400000e+02   0.0000000e+00   4.7293384e+02   3.4049828e+02
   9.6000000e+01   2.2400000e+02   0.0000000e+00   4.5415522e+02   3.8647989e+02
   0.0000000e+00   1.9200000e+02   0.0000000e+00   4.6826716e+02   2.2964810e+02
   3.2000000e+01   1.9200000e+02   0.0000000e+00   4.4833766e+02   2.7697089e+02
   6.4000000e+01   1.9200000e+02   0.0000000e+00   4.2885603e+02   3.2411925e+02
   9.6000000e+01   1.9200000e+02   0.0000000e+00   4.1022314e+02   3.7117922e+02
   0.0000000e+00   1.6000000e+02   0.0000000e+00   4.2302003e+02   2.1121091e+02
   3.2000000e+01   1.6000000e+02   0.0000000e+00   4.0272994e+02   2.5965534e+02
   6.4000000e+01   1.6000000e+02   0.0000000e+00   3.8357460e+02   3.0719823e+02
   9.6000000e+01   1.6000000e+02   0.0000000e+00   3.6485865e+02   3.5534421e+02
   0.0000000e+00   1.2800000e+02   0.0000000e+00   3.7570707e+02   1.9205844e+02
   3.2000000e+01   1.2800000e+02   0.0000000e+00   3.5595075e+02   2.4131068e+02
   6.4000000e+01   1.2800000e+02   0.0000000e+00   3.3661134e+02   2.9004693e+02
   9.6000000e+01   1.2800000e+02   0.0000000e+00   3.1818892e+02   3.3885745e+02
   0.0000000e+00   9.6000000e+01   0.0000000e+00   3.2736953e+02   1.7216496e+02
   3.2000000e+01   9.6000000e+01   0.0000000e+00   3.0780069e+02   2.2255756e+02
   6.4000000e+01   9.6000000e+01   0.0000000e+00   2.8854935e+02   2.7244182e+02
   9.6000000e+01   9.6000000e+01   0.0000000e+00   2.6957961e+02   3.2200163e+02
   0.0000000e+00   6.4000000e+01   0.0000000e+00   2.7731617e+02   1.5136183e+02
   3.2000000e+01   6.4000000e+01   0.0000000e+00   2.5767260e+02   2.0291161e+02
   6.4000000e+01   6.4000000e+01   0.0000000e+00   2.3847725e+02   2.5390928e+02
   9.6000000e+01   6.4000000e+01   0.0000000e+00   2.1931642e+02   3.0482231e+02
   0.0000000e+00   3.2000000e+01   0.0000000e+00   2.2466587e+02   1.2955739e+02
   3.2000000e+01   3.2000000e+01   0.0000000e+00   2.0526317e+02   1.8255913e+02
   6.4000000e+01   3.2000000e+01   0.0000000e+00   1.8599199e+02   2.3477575e+02
   9.6000000e+01   3.2000000e+01   0.0000000e+00   1.6652030e+02   2.8672207e+02
   0.0000000e+00   0.0000000e+00   0.0000000e+00   1.7034614e+02   1.0716528e+02
   3.2000000e+01   0.0000000e+00   0.0000000e+00   1.5074038e+02   1.6138288e+02
   6.4000000e+01   0.0000000e+00   0.0000000e+00   1.3125785e+02   2.1477580e+02
   9.6000000e+01   0.0000000e+00   0.0000000e+00   1.1185887e+02   2.6770069e+02
