   0.0000000e+00   2.2400000e+02   0.0000000e+00   5.5729255e+02   2.4563263e+02
   3.2000000e+01   2.2400000e+02   0.0000000e+00   5.4706839e+02   2.9089398e+02
   6.4000000e+01   2.2400000e+02   0.0000000e+00   5.3694552e+02   3.3623508e+02
   9.6000000e+01   2.2400000e+02   0.0000000e+00   5.2748786e+02   3.8192177e+02
   0.0000000e+00   1.9200000e+02   0.0000000e+00   5.2428064e+02   2.3559211e+02
   3.2000000e+01   1.9200000e+02   0.0000000e+00   5.1337011e+02   2.8248153e+02
   6.4000000e+01   1.9200000e+02   0.0000000e+00   5.0276430e+02   3.2926337e+02
   9.6000000e+01   1.9200000e+02   0.0000000e+00   4.9307247e+02   3.7663137e+02
   0.0000000e+00   1.6000000e+02   0.0000000e+00   4.8891958e+02   2.2486204e+02
   3.2000000e+01   1.6000000e+02   0.0000000e+00   4.7744684e+02   2.7350756e+02
   6.4000000e+01   1.6000000e+02   0.0000000e+00   4.6630769e+02   3.2185603e+02
   9.6000000e+01   1.6000000e+02   0.0000000e+00   4.5630578e+02   3.7080285e+02
   0.0000000e+00   1.2800000e+02   0.0000000e+00   4.5012571e+02   2.1348859e+02
   3.2000000e+01   1.2800000e+02   0.0000000e+00   4.3808663e+02   2.6355869e+02
   6.4000000e+01   1.2800000e+02   0.0000000e+00   4.2664474e+02   3.1362985e+02
   9.6000000e+01   1.2800000e+02   0.0000000e+00   4.1628838e+02   3.6451195e+02
   0.0000000e+00   9.6000000e+01   0.0000000e+00   4.0823851e+02   2.0103828e+02
   3.2000000e+01   9.6000000e+01   0.0000000e+00   3.9606553e+02   2.5296762e+02
   6.4000000e+01   9.6000000e+01   0.0000000e+00   3.8457337e+02   3.0498348e+02
   9.6000000e+01   9.6000000e+01   0.0000000e+00   3.7349283e+02   3.5755967e+02
   0.0000000e+00   6.4000000e+01   0.0000000e+00   3.6389367e+02   1.8783376e+02
   3.2000000e+01   6.4000000e+01   0.0000000e+00   3.5146888e+02   2.4182929e+02
   6.4000000e+01   6.4000000e+01   0.0000000e+00   3.3933348e+02   2.9563941e+02
   9.6000000e+01   6.4000000e+01   0.0000000e+00   3.2773681e+02   3.5049646e+02
   0.0000000e+00   3.2000000e+01   0.0000000e+00   3.1570354e+02   1.7336794e+02
   3.2000000e+01   3.2000000e+01   0.0000000e+00   3.0302307e+02   2.2960892e+02
   6.4000000e+01   3.2000000e+01   0.0000000e+00   2.9028064e+02   2.8573481e+02
   9.6000000e+01   3.2000000e+01   0.0000000e+00   2.7776464e+02   3.4247512e+02
   0.0000000e+00   0.0000000e+00   0.0000000e+00   2.6370982e+02   1.5762073e+02
   3.2000000e+01   0.0000000e+00   0.0000000e+00   2.5024539e+02   2.1639357e+02
   6.4000000e+01   0.0000000e+00   0.0000000e+00   2.3660800e+02   2.7500586e+02
   9.6000000e+01   0.0000000e+00   0.0000000e+00   2.2332772e+02   3.3428997e+02
