   0.0000000e+00   2.2400000e+02   0.0000000e+00   5.1591420e+02   1.9878469e+02
   3.2000000e+01   2.2400000e+02   0.0000000e+00   5.0868901e+02   2.5371345e+02
   6.4000000e+01   2.2400000e+02   0.0000000e+00   5.0185657e+02   3.0766002e+02
   9.6000000e+01   2.2400000e+02   0.0000000e+00   4.9474544e+02   3.6102505e+02
   0.0000000e+00   1.9200000e+02   0.0000000e+00   4.6230628e+02   1.9394673e+02
   3.2000000e+01   1.9200000e+02   0.0000000e+00   4.5591158e+02   2.4643418e+02
   6.4000000e+01   1.9200000e+02   0.0000000e+00   4.4950373e+02   2.9796389e+02
   9.6000000e+01   1.9200000e+02   0.0000000e+00   4.4295212e+02   3.4925959e+02
   0.0000000e+00   1.6000000e+02   0.0000000e+00   4.1288395e+02   1.8949592e+02
   3.2000000e+01   1.6000000e+02   0.0000000e+00   4.0666169e+02   2.3956721e+02
   6.4000000e+01   1.6000000e+02   0.0000000e+00   4.0085907e+02   2.8912532e+02
   9.6000000e+01   1.6000000e+02   0.0000000e+00   3.9450815e+02   3.3825216e+02
   0.0000000e+00   1.2800000e+02   0.0000000e+00   3.6765862e+02   1.8547880e+02
   3.2000000e+01   1.2800000e+02   0.0000000e+00   3.6207677e+02   2.3346267e+02
   6.4000000e+01   1.2800000e+02   0.0000000e+00   3.5648187e+02   2.8088739e+02
   9.6000000e+01   1.2800000e+02   0.0000000e+00   3.5030940e+02   3.2834726e+02
   0.0000000e+00   9.6000000e+01   0.0000000e+00   3.2629999e+02   1.8141003e+02
   3.2000000e+01   9.6000000e+01   0.0000000e+00   3.2067292e+02   2.2767051e+02
   6.4000000e+01   9.6000000e+01   0.0000000e+00   3.1487722e+02   2.7347763e+02
   9.6000000e+01   9.6000000e+01   0.0000000e+00   3.0892799e+02   3.1908359e+02
   0.0000000e+00   6.4000000e+01   0.0000000e+00   2.8691674e+02   1.7761481e+02
   3.2000000e+01   6.4000000e+01   0.0000000e+00   2.8153599e+02   2.2228196e+02
   6.4000000e+01   6.4000000e+01   0.0000000e+00   2.7579151e+02   2.6653844e+02
   9.6000000e+01   6.4000000e+01   0.0000000e+00   2.7023521e+02   3.1071008e+02
   0.0000000e+00   3.2000000e+01   0.0000000e+00   2.5001068e+02   1.7389259e+02
   3.2000000e+01   3.2000000e+01   0.0000000e+00   2.4462687e+02   2.1728877e+02
   6.4000000e+01   3.2000000e+01   0.0000000e+00   2.3927209e+02   2.5997189e+02
   9.6000000e+01   3.2000000e+01   0.0000000e+00   2.3363050e+02   3.0306454e+02
   0.0000000e+00   0.0000000e+00   0.0000000e+00   2.1438966e+02   1.7029657e+02
   3.2000000e+01   0.0000000e+00   0.0000000e+00   2.0917182e+02   2.1255049e+02
   6.4000000e+01   0.0000000e+00   0.0000000e+00   2.0385466e+02   2.5408953e+02
   9.6000000e+01   0.0000000e+00   0.0000000e+00   1.9828590e+02   2.9567875e+02
