   0.0000000e+00   2.2400000e+02   0.0000000e+00   5.3469735e+02   2.6646661e+02
   3.2000000e+01   2.2400000e+02   0.0000000e+00   5.2141517e+02   3.1173778e+02
   6.4000000e+01   2.2400000e+02   0.0000000e+00   5.0906266e+02   3.5556994e+02
   9.6000000e+01   2.2400000e+02   0.0000000e+00   4.9748795e+02   3.9848659e+02
   0.0000000e+00   1.9200000e+02   0.0000000e+00   4.8760336e+02   2.5841401e+02
   3.2000000e+01   1.9200000e+02   0.0000000e+00   4.7529068e+02   3.0411049e+02
   6.4000000e+01   1.9200000e+02   0.0000000e+00   4.6371841e+02   3.4807267e+02
   9.6000000e+01   1.9200000e+02   0.0000000e+00   4.5286878e+02   3.9131555e+02
   0.0000000e+00   1.6000000e+02   0.0000000e+00   4.3964522e+02   2.5037526e+02
   3.2000000e+01   1.6000000e+02   0.0000000e+00   4.2828998e+02   2.9633412e+02
   6.4000000e+01   1.6000000e+02   0.0000000e+00   4.1743108e+02   3.4029283e+02
   9.6000000e+01   1.6000000e+02   0.0000000e+00   4.0738823e+02   3.8401363e+02
   0.0000000e+00   1.2800000e+02   0.0000000e+00   3.9103824e+02   2.4171971e+02
   3.2000000e+01   1.2800000e+02   0.0000000e+00   3.8073632e+02   2.8808640e+02
   6.4000000e+01   1.2800000e+02   0.0000000e+00   3.7092104e+02   3.3265080e+02
   9.6000000e+01   1.2800000e+02   0.0000000e+00   3.6148963e+02   3.7642984e+02
   0.0000000e+00   9.6000000e+01   0.0000000e+00   3.4213255e+02   2.3323147e+02
   3.2000000e+01   9.6000000e+01   0.0000000e+00   3.3275798e+02   2.7984934e+02
   6.4000000e+01   9.6000000e+01   0.0000000e+00   3.2384011e+02   3.2488436e+02
   9.6000000e+01   9.6000000e+01   0.0000000e+00   3.1527302e+02   3.6902143e+02
   0.0000000e+00   6.4000000e+01   0.0000000e+00   2.9294823e+02   2.2496615e+02
   3.2000000e+01   6.4000000e+01   0.0000000e+00   2.8448740e+02   2.7180674e+02
   6.4000000e+01   6.4000000e+01   0.0000000e+00   2.7654299e+02   3.1728615e+02
   9.6000000e+01   6.4000000e+01   0.0000000e+00   2.6862816e+02   3.6167976e+02
   0.0000000e+00   3.2000000e+01   0.0000000e+00   2.4257878e+02   2.1615102e+02
   3.2000000e+01   3.2000000e+01   0.0000000e+00   2.3548878e+02   2.6373301e+02
   6.4000000e+01   3.2000000e+01   0.0000000e+00   2.2843025e+02   3.0955677e+02
   9.6000000e+01   3.2000000e+01   0.0000000e+00   2.2137135e+02   3.5438821e+02
   0.0000000e+00   0.0000000e+00   0.0000000e+00   1.9158200e+02   2.0721917e+02
   3.2000000e+01   0.0000000e+00   0.0000000e+00   1.8549155e+02   2.5544516e+02
   6.4000000e+01   0.0000000e+00   0.0000000e+00   1.7931684e+02   3.0170641e+02
   9.6000000e+01   0.0000000e+00   0.0000000e+00   1.7333933e+02   3.4703111e+02
