   0.0000000e+00   2.2400000e+02   0.0000000e+00   4.8257580e+02   1.7714632e+02
   3.2000000e+01   2.2400000e+02   0.0000000e+00   4.6607877e+02   2.1554304e+02
   6.4000000e+01   2.2400000e+02   0.0000000e+00   4.5079414e+02   2.5159129e+02
   9.6000000e+01   2.2400000e+02   0.0000000e+00   4.3748068e+02   2.8576945e+02
   0.0000000e+00   1.9200000e+02   0.0000000e+00   4.3783253e+02   1.6887618e+02
   3.2000000e+01   1.9200000e+02   0.0000000e+00   4.2300864e+02   2.0773924e+02
   6.4000000e+01   1.9200000e+02   0.0000000e+00   4.0935555e+02   2.4433186e+02
   9.6000000e+01   1.9200000e+02   0.0000000e+00   3.9724016e+02   2.7924031e+02
   0.0000000e+00   1.6000000e+02   0.0000000e+00   3.9230806e+02   1.6087321e+02
   3.2000000e+01   1.6000000e+02   0.0000000e+00   3.7904910e+02   2.0032024e+02
   6.4000000e+01   1.6000000e+02   0.0000000e+00   3.6719311e+02   2.3712297e+02
   9.6000000e+01   1.6000000e+02   0.0000000e+00   3.5653610e+02   2.7237850e+02
   0.0000000e+00   1.2800000e+02   0.0000000e+00   3.4562011e+02   1.5194808e+02
   3.2000000e+01   1.2800000e+02   0.0000000e+00   3.3451848e+02   1.9241791e+02
   6.4000000e+01   1.2800000e+02   0.0000000e+00   3.2456319e+02   2.2979316e+02
   9.6000000e+01   1.2800000e+02   0.0000000e+00   3.1528971e+02   2.6552885e+02
   0.0000000e+00   9.6000000e+01   0.0000000e+00   2.9820443e+02   1.4282009e+02
   3.2000000e+01   9.6000000e+01   0.0000000e+00   2.8929001e+02   1.8415119e+02
   6.4000000e+01   9.6000000e+01   0.0000000e+00   2.8100106e+02   2.2230474e+02
   9.6000000e+01   9.6000000e+01   0.0000000e+00   2.7337946e+02   2.5864091e+02
   0.0000000e+00   6.4000000e+01   0.0000000e+00   2.4958734e+02   1.3363694e+02
   3.2000000e+01   6.4000000e+01   0.0000000e+00   2.4266004e+02   1.7552174e+02
   6.4000000e+01   6.4000000e+01   0.0000000e+00   2.3626829e+02   2.1458224e+02
   9.6000000e+01   6.4000000e+01   0.0000000e+00   2.3020232e+02   2.5183536e+02
   0.0000000e+00   3.2000000e+01   0.0000000e+00   1.9973613e+02   1.2386734e+02
   3.2000000e+01   3.2000000e+01   0.0000000e+00   1.9510545e+02   1.6698588e+02
   6.4000000e+01   3.2000000e+01   0.0000000e+00   1.9057459e+02   2.0686193e+02
   9.6000000e+01   3.2000000e+01   0.0000000e+00   1.8639635e+02   2.4452093e+02
   0.0000000e+00   0.0000000e+00   0.0000000e+00   1.4864060e+02   1.1423352e+02
   3.2000000e+01   0.0000000e+00   0.0000000e+00   1.4627585e+02   1.5800632e+02
   6.4000000e+01   0.0000000e+00   0.0000000e+00   1.4374364e+02   1.9857761e+02
   9.6000000e+01   0.0000000e+00   0.0000000e+00   1.4141591e+02   2.3713740e+02
