   0.0000000e+00   2.2400000e+02   0.0000000e+00   5.6800019e+02   1.8651879e+02
   3.2000000e+01   2.2400000e+02   0.0000000e+00   5.4958373e+02   2.4605591e+02
   6.4000000e+01   2.2400000e+02   0.0000000e+00   5.3238016e+02   3.0147669e+02
   9.6000000e+01   2.2400000e+02   0.0000000e+00   5.1686018e+02   3.5427928e+02
   0.0000000e+00   1.9200000e+02   0.0000000e+00   5.0340040e+02   1.7562012e+02
   3.2000000e+01   1.9200000e+02   0.0000000e+00   4.8680666e+02   2.3546646e+02
   6.4000000e+01   1.9200000e+02   0.0000000e+00   4.7184533e+02   2.9093770e+02
   9.6000000e+01   1.9200000e+02   0.0000000e+00   4.5845255e+02   3.4342441e+02
   0.0000000e+00   1.6000000e+02   0.0000000e+00   4.3772408e+02   1.6561781e+02
   3.2000000e+01   1.6000000e+02   0.0000000e+00   4.2406903e+02   2.2537667e+02
   6.4000000e+01   1.6000000e+02   0.0000000e+00   4.1137005e+02   2.8031961e+02
   9.6000000e+01   1.6000000e+02   0.0000000e+00   4.0027035e+02   3.3258087e+02
   0.0000000e+00   1.2800000e+02   0.0000000e+00   3.7274741e+02   1.5522246e+02
   3.2000000e+01   1.2800000e+02   0.0000000e+00   3.6192577e+02   2.1482167e+02
   6.4000000e+01   1.2800000e+02   0.0000000e+00   3.5191189e+02   2.6980172e+02
   9.6000000e+01   1.2800000e+02   0.0000000e+00   3.4288937e+02   3.2206560e+02
   0.0000000e+00   9.6000000e+01   0.0000000e+00   3.0856389e+02   1.4456767e+02
   3.2000000e+01   9.6000000e+01   0.0000000e+00   3.0064841e+02   2.0438847e+02
   6.4000000e+01   9.6000000e+01   0.0000000e+00   2.9352618e+02   2.5967428e+02
   9.6000000e+01   9.6000000e+01   0.0000000e+00   2.8621552e+02   3.1176691e+02
   0.0000000e+00   6.4000000e+01   0.0000000e+00   2.4465137e+02   1.3410306e+02
   3.2000000e+01   6.4000000e+01   0.0000000e+00   2.3976700e+02   1.9437354e+02
   6.4000000e+01   6.4000000e+01   0.0000000e+00   2.3530429e+02   2.4990763e+02
   9.6000000e+01   6.4000000e+01   0.0000000e+00   2.3027253e+02   3.0214514e+02
   0.0000000e+00   3.2000000e+01   0.0000000e+00   1.8109971e+02   1.2343269e+02
   3.2000000e+01   3.2000000e+01   0.0000000e+00   1.7907291e+02   1.8406004e+02
   6.4000000e+01   3.2000000e+01   0.0000000e+00   1.7703667e+02   2.3971548e+02
   9.6000000e+01   3.2000000e+01   0.0000000e+00   1.7410378e+02   2.9213617e+02
   0.0000000e+00   0.0000000e+00   0.0000000e+00   1.1818272e+02   1.1358273e+02
   3.2000000e+01   0.0000000e+00   0.0000000e+00   1.1880069e+02   1.7372856e+02
   6.4000000e+01   0.0000000e+00   0.0000000e+00   1.1900054e+02   2.2955856e+02
   9.6000000e+01   0.0000000e+00   0.0000000e+00   1.1856669e+02   2.8236602e+02
