   0.0000000e+00   2.2400000e+02   0.0000000e+00   4.4338729e+02   1.6076436e+02
   3.2000000e+01   2.2400000e+02   0.0000000e+00   4.5287680e+02   2.0356892e+02
   6.4000000e+01   2.2400000e+02   0.0000000e+00   4.6322285e+02   2.4787816e+02
   9.6000000e+01   2.2400000e+02   0.0000000e+00   4.7370880e+02   2.9463411e+02
   0.0000000e+00   1.9200000e+02   0.0000000e+00   4.0027770e+02   1.6260782e+02
   3.2000000e+01   1.9200000e+02   0.0000000e+00   4.0871887e+02   2.0608202e+02
   6.4000000e+01   1.9200000e+02   0.0000000e+00   4.1824347e+02   2.5148921e+02
   9.6000000e+01   1.9200000e+02   0.0000000e+00   4.2813073e+02   2.9878899e+02
   0.0000000e+00   1.6000000e+02   0.0000000e+00   3.5640612e+02   1.6373446e+02
   3.2000000e+01   1.6000000e+02   0.0000000e+00   3.6398480e+02   2.0826903e+02
   6.4000000e+01   1.6000000e+02   0.0000000e+00   3.7223102e+02   2.5436497e+02
   9.6000000e+01   1.6000000e+02   0.0000000e+00   3.8110217e+02   3.0290870e+02
   0.0000000e+00   1.2800000e+02   0.0000000e+00   3.1022506e+02   1.6483617e+02
   3.2000000e+01   1.2800000e+02   0.0000000e+00   3.1734935e+02   2.1051485e+02
   6.4000000e+01   1.2800000e+02   0.0000000e+00   3.2444025e+02   2.5762624e+02
   9.6000000e+01   1.2800000e+02   0.0000000e+00   3.3217127e+02   3.0748397e+02
   0.0000000e+00   9.6000000e+01   0.0000000e+00   2.6253828e+02   1.6614284e+02
   3.2000000e+01   9.6000000e+01   0.0000000e+00   2.6843968e+02   2.1259092e+02
   6.4000000e+01   9.6000000e+01   0.0000000e+00   2.7509749e+02   2.6124593e+02
   9.6000000e+01   9.6000000e+01   0.0000000e+00   2.8153030e+02   3.1209848e+02
   0.0000000e+00   6.4000000e+01   0.0000000e+00   2.1241292e+02   1.6634856e+02
   3.2000000e+01   6.4000000e+01   0.0000000e+00   2.1768788e+02   2.1437493e+02
   6.4000000e+01   6.4000000e+01   0.0000000e+00   2.2303202e+02   2.6447797e+02
   9.6000000e+01   6.4000000e+01   0.0000000e+00   2.2863456e+02   3.1667490e+02
   0.0000000e+00   3.2000000e+01   0.0000000e+00   1.5951417e+02   1.6658985e+02
   3.2000000e+01   3.2000000e+01   0.0000000e+00   1.6367897e+02   2.1621727e+02
   6.4000000e+01   3.2000000e+01   0.0000000e+00   1.6811558e+02   2.6763488e+02
   9.6000000e+01   3.2000000e+01   0.0000000e+00   1.7222349e+02   3.2186864e+02
   0.0000000e+00   0.0000000e+00   0.0000000e+00   1.0428749e+02   1.6655780e+02
   3.2000000e+01   0.0000000e+00   0.0000000e+00   1.0713287e+02   2.1760027e+02
   6.4000000e+01   0.0000000e+00   0.0000000e+00   1.1000233e+02   2.7094887e+02
   9.6000000e+01   0.0000000e+00   0.0000000e+00   1.1313231e+02   3.2699210e+02
