   0.0000000e+00   2.2400000e+02   0.0000000e+00   4.9726255e+02   1.4344027e+02
   3.2000000e+01   2.2400000e+02   0.0000000e+00   4.9936146e+02   1.9864874e+02
   6.4000000e+01   2.2400000e+02   0.0000000e+00   5.0165473e+02   2.5133790e+02
   9.6000000e+01   2.2400000e+02   0.0000000e+00   5.0442862e+02   3.0171885e+02
   0.0000000e+00   1.9200000e+02   0.0000000e+00   4.4305277e+02   1.5193894e+02
   3.2000000e+01   1.9200000e+02   0.0000000e+00   4.4642892e+02   2.0753572e+02
   6.4000000e+01   1.9200000e+02   0.0000000e+00   4.4989552e+02   2.6041043e+02
   9.6000000e+01   1.9200000e+02   0.0000000e+00   4.5429947e+02   3.1121996e+02
   0.0000000e+00   1.6000000e+02   0.0000000e+00   3.8790366e+02   1.6115211e+02
   3.2000000e+01   1.6000000e+02   0.0000000e+00   3.9266819e+02   2.1695772e+02
   6.4000000e+01   1.6000000e+02   0.0000000e+00   3.9770805e+02   2.6986430e+02
   9.6000000e+01   1.6000000e+02   0.0000000e+00   4.0290550e+02   3.2082264e+02
   0.0000000e+00   1.2800000e+02   0.0000000e+00   3.3121419e+02   1.7017242e+02
   3.2000000e+01   1.2800000e+02   0.0000000e+00   3.3758942e+02   2.2646293e+02
   6.4000000e+01   1.2800000e+02   0.0000000e+00   3.4424228e+02   2.7938404e+02
   9.6000000e+01   1.2800000e+02   0.0000000e+00   3.5063630e+02   3.3063869e+02
   0.0000000e+00   9.6000000e+01   0.0000000e+00   2.7339155e+02   1.7905450e+02
   3.2000000e+01   9.6000000e+01   0.0000000e+00   2.8203589e+02   2.3577053e+02
   6.4000000e+01   9.6000000e+01   0.0000000e+00   2.8953411e+02   2.8935779e+02
   9.6000000e+01   9.6000000e+01   0.0000000e+00   2.9756848e+02   3.4097929e+02
   0.0000000e+00   6.4000000e+01   0.0000000e+00   2.1402654e+02   1.8843988e+02
   3.2000000e+01   6.4000000e+01   0.0000000e+00   2.2452884e+02   2.4537368e+02
   6.4000000e+01   6.4000000e+01   0.0000000e+00   2.3411028e+02   2.9963102e+02
   9.6000000e+01   6.4000000e+01   0.0000000e+00   2.4319512e+02   3.5180919e+02
   0.0000000e+00   3.2000000e+01   0.0000000e+00   1.5293192e+02   1.9783973e+02
   3.2000000e+01   3.2000000e+01   0.0000000e+00   1.6522559e+02   2.5544134e+02
   6.4000000e+01   3.2000000e+01   0.0000000e+00   1.7653048e+02   3.0988763e+02
   9.6000000e+01   3.2000000e+01   0.0000000e+00   1.8721680e+02   3.6240587e+02
   0.0000000e+00   0.0000000e+00   0.0000000e+00   9.0542851e+01   2.0763754e+02
   3.2000000e+01   0.0000000e+00   0.0000000e+00   1.0448276e+02   2.6566562e+02
   6.4000000e+01   0.0000000e+00   0.0000000e+00   1.1761522e+02   3.2046874e+02
   9.6000000e+01   0.0000000e+00   0.0000000e+00   1.3022131e+02   3.7311785e+02
