   0.0000000e+00   2.2400000e+02   0.0000000e+00   5.0208638e+02   1.6792392e+02
   3.2000000e+01   2.2400000e+02   0.0000000e+00   4.9389502e+02   2.1639139e+02
   6.4000000e+01   2.2400000e+02   0.0000000e+00   4.8689490e+02   2.6296133e+02
   9.6000000e+01   2.2400000e+02   0.0000000e+00   4.8095966e+02   3.0835866e+02
   0.0000000e+00   1.9200000e+02   0.0000000e+00   4.5917613e+02   1.6655577e+02
   3.2000000e+01   1.9200000e+02   0.0000000e+00   4.5131211e+02   2.1639988e+02
   6.4000000e+01   1.9200000e+02   0.0000000e+00   4.4451278e+02   2.6390776e+02
   9.6000000e+01   1.9200000e+02   0.0000000e+00   4.3893966e+02   3.1004541e+02
   0.0000000e+00   1.6000000e+02   0.0000000e+00   4.1377622e+02   1.6558369e+02
   3.2000000e+01   1.6000000e+02   0.0000000e+00   4.0663320e+02   2.1648800e+02
   6.4000000e+01   1.6000000e+02   0.0000000e+00   4.0043958e+02   2.6474401e+02
   9.6000000e+01   1.6000000e+02   0.0000000e+00   3.9550210e+02   3.1212932e+02
   0.0000000e+00   1.2800000e+02   0.0000000e+00   3.6563421e+02   1.6430494e+02
   3.2000000e+01   1.2800000e+02   0.0000000e+00   3.5952668e+02   2.1640948e+02
   6.4000000e+01   1.2800000e+02   0.0000000e+00   3.5402511e+02   2.6603552e+02
   9.6000000e+01   1.2800000e+02   0.0000000e+00   3.4969148e+02   3.1426169e+02
   0.0000000e+00   9.6000000e+01   0.0000000e+00   3.1449122e+02   1.6250399e+02
   3.2000000e+01   9.6000000e+01   0.0000000e+00   3.0967184e+02   2.1617529e+02
   6.4000000e+01   9.6000000e+01   0.0000000e+00   3.0557105e+02   2.6705757e+02
   9.6000000e+01   9.6000000e+01   0.0000000e+00   3.0197550e+02   3.1656876e+02
   0.0000000e+00   6.4000000e+01   0.0000000e+00   2.6069960e+02   1.6079205e+02
   3.2000000e+01   6.4000000e+01   0.0000000e+00   2.5731215e+02   2.1631592e+02
   6.4000000e+01   6.4000000e+01   0.0000000e+00   2.5416745e+02   2.6847322e+02
   9.6000000e+01   6.4000000e+01   0.0000000e+00   2.5174331e+02   3.1911429e+02
   0.0000000e+00   3.2000000e+01   0.0000000e+00   2.0305752e+02   1.5879728e+02
   3.2000000e+01   3.2000000e+01   0.0000000e+00   2.0135386e+02   2.1584377e+02
   6.4000000e+01   3.2000000e+01   0.0000000e+00   1.9974053e+02   2.6993466e+02
   9.6000000e+01   3.2000000e+01   0.0000000e+00   1.9824901e+02   3.2206849e+02
   0.0000000e+00   0.0000000e+00   0.0000000e+00   1.4167978e+02   1.5699228e+02
   3.2000000e+01   0.0000000e+00   0.0000000e+00   1.4150194e+02   2.1579506e+02
   6.4000000e+01   0.0000000e+00   0.0000000e+00   1.4138325e+02   2.7148560e+02
   9.6000000e+01   0.0000000e+00   0.0000000e+00   1.4130250e+02   3.2509172e+02
