   0.0000000e+00   2.2400000e+02   0.0000000e+00   3.9305670e+02   1.4598243e+02
   3.2000000e+01   2.2400000e+02   0.0000000e+00   4.0729724e+02   1.8461091e+02
   6.4000000e+01   2.2400000e+02   0.0000000e+00   4.2149335e+02   2.2311021e+02
   9.6000000e+01   2.2400000e+02   0.0000000e+00   4.3615829e+02   2.6224206e+02
   0.0000000e+00   1.9200000e+02   0.0000000e+00   3.5945145e+02   1.5454394e+02
   3.2000000e+01   1.9200000e+02   0.0000000e+00   3.7353552e+02   1.9420003e+02
   6.4000000e+01   1.9200000e+02   0.0000000e+00   3.8792376e+02   2.3384699e+02
   9.6000000e+01   1.9200000e+02   0.0000000e+00   4.0301319e+02   2.7435141e+02
   0.0000000e+00   1.6000000e+02   0.0000000e+00   3.2396338e+02   1.6327639e+02
   3.2000000e+01   1.6000000e+02   0.0000000e+00   3.3817690e+02   2.0429476e+02
   6.4000000e+01   1.6000000e+02   0.0000000e+00   3.5281068e+02   2.4541724e+02
   9.6000000e+01   1.6000000e+02   0.0000000e+00   3.6837715e+02   2.8686134e+02
   0.0000000e+00   1.2800000e+02   0.0000000e+00   2.8567465e+02   1.7248232e+02
   3.2000000e+01   1.2800000e+02   0.0000000e+00   3.0053549e+02   2.1485207e+02
   6.4000000e+01   1.2800000e+02   0.0000000e+00   3.1549088e+02   2.5726453e+02
   9.6000000e+01   1.2800000e+02   0.0000000e+00   3.3119276e+02   3.0009302e+02
   0.0000000e+00   9.6000000e+01   0.0000000e+00   2.4513013e+02   1.8259768e+02
   3.2000000e+01   9.6000000e+01   0.0000000e+00   2.6022301e+02   2.2621160e+02
   6.4000000e+01   9.6000000e+01   0.0000000e+00   2.7588017e+02   2.7012026e+02
   9.6000000e+01   9.6000000e+01   0.0000000e+00   2.9176329e+02   3.1447600e+02
   0.0000000e+00   6.4000000e+01   0.0000000e+00   2.0149054e+02   1.9292068e+02
   3.2000000e+01   6.4000000e+01   0.0000000e+00   2.1737517e+02   2.3827193e+02
   6.4000000e+01   6.4000000e+01   0.0000000e+00   2.3328777e+02   2.8366765e+02
   9.6000000e+01   6.4000000e+01   0.0000000e+00   2.4939699e+02   3.3013628e+02
   0.0000000e+00   3.2000000e+01   0.0000000e+00   1.5488713e+02   2.0426479e+02
   3.2000000e+01   3.2000000e+01   0.0000000e+00   1.7089400e+02   2.5125728e+02
   6.4000000e+01   3.2000000e+01   0.0000000e+00   1.8707722e+02   2.9860423e+02
   9.6000000e+01   3.2000000e+01   0.0000000e+00   2.0348795e+02   3.4683873e+02
   0.0000000e+00   0.0000000e+00   0.0000000e+00   1.0477873e+02   2.1609584e+02
   3.2000000e+01   0.0000000e+00   0.0000000e+00   1.2099006e+02   2.6524141e+02
   6.4000000e+01   0.0000000e+00   0.0000000e+00   1.3737258e+02   3.1470680e+02
   9.6000000e+01   0.0000000e+00   0.0000000e+00   1.5420739e+02   3.6506253e+02
