   0.0000000e+00   2.2400000e+02   0.0000000e+00   5.9986089e+02   1.9236418e+02
   3.2000000e+01   2.2400000e+02   0.0000000e+00   5.8988252e+02   2.5354336e+02
   6.4000000e+01   2.2400000e+02   0.0000000e+00   5.8003223e+02   3.1349545e+02
   9.6000000e+01   2.2400000e+02   0.0000000e+00   5.7005154e+02   3.7269444e+02
   0.0000000e+00   1.9200000e+02   0.0000000e+00   5.4119956e+02   1.8448017e+02
   3.2000000e+01   1.9200000e+02   0.0000000e+00   5.3121601e+02   2.4634230e+02
   6.4000000e+01   1.9200000e+02   0.0000000e+00   5.2145990e+02   3.0683070e+02
   9.6000000e+01   1.9200000e+02   0.0000000e+00   5.1238692e+02   3.6689753e+02
   0.0000000e+00   1.6000000e+02   0.0000000e+00   4.8038590e+02   1.7674471e+02
   3.2000000e+01   1.6000000e+02   0.0000000e+00   4.7062256e+02   2.3916940e+02
   6.4000000e+01   1.6000000e+02   0.0000000e+00   4.6121411e+02   2.9982797e+02
   9.6000000e+01   1.6000000e+02   0.0000000e+00   4.5284071e+02   3.6023700e+02
   0.0000000e+00   1.2800000e+02   0.0000000e+00   4.1803151e+02   1.6925647e+02
   3.2000000e+01   1.2800000e+02   0.0000000e+00   4.0885217e+02   2.3161885e+02
   6.4000000e+01   1.2800000e+02   0.0000000e+00   4.0040052e+02   2.9278892e+02
   9.6000000e+01   1.2800000e+02   0.0000000e+00   3.9244145e+02   3.5324939e+02
   0.0000000e+00   9.6000000e+01   0.0000000e+00   3.5555976e+02   1.6147923e+02
   3.2000000e+01   9.6000000e+01   0.0000000e+00   3.4713499e+02   2.2409427e+02
   6.4000000e+01   9.6000000e+01   0.0000000e+00   3.3938183e+02   2.8555909e+02
   9.6000000e+01   9.6000000e+01   0.0000000e+00   3.3163397e+02   3.4640156e+02
   0.0000000e+00   6.4000000e+01   0.0000000e+00   2.9277849e+02   1.5358138e+02
   3.2000000e+01   6.4000000e+01   0.0000000e+00   2.8547342e+02   2.1668199e+02
   6.4000000e+01   6.4000000e+01   0.0000000e+00   2.7819524e+02   2.7852789e+02
   9.6000000e+01   6.4000000e+01   0.0000000e+00   2.7066750e+02   3.3976759e+02
   0.0000000e+00   3.2000000e+01   0.0000000e+00   2.2946419e+02   1.4565882e+02
   3.2000000e+01   3.2000000e+01   0.0000000e+00   2.2266760e+02   2.0922501e+02
   6.4000000e+01   3.2000000e+01   0.0000000e+00   2.1581298e+02   2.7142262e+02
   9.6000000e+01   3.2000000e+01   0.0000000e+00   2.0886381e+02   3.3280318e+02
   0.0000000e+00   0.0000000e+00   0.0000000e+00   1.6502359e+02   1.3729225e+02
   3.2000000e+01   0.0000000e+00   0.0000000e+00   1.5882354e+02   2.0150672e+02
   6.4000000e+01   0.0000000e+00   0.0000000e+00   1.5282137e+02   2.6436151e+02
   9.6000000e+01   0.0000000e+00   0.0000000e+00   1.4668593e+02   3.2589137e+02
