   0.0000000e+00   2.2400000e+02   0.0000000e+00   5.3088627e+02   1.2953409e+02
   3.2000000e+01   2.2400000e+02   0.0000000e+00   5.2855385e+02   1.7989840e+02
   6.4000000e+01   2.2400000e+02   0.0000000e+00   5.2725903e+02   2.2713507e+02
   9.6000000e+01   2.2400000e+02   0.0000000e+00   5.2660072e+02   2.7180444e+02
   0.0000000e+00   1.9200000e+02   0.0000000e+00   4.8301682e+02   1.4064027e+02
   3.2000000e+01   1.9200000e+02   0.0000000e+00   4.8197360e+02   1.9162282e+02
   6.4000000e+01   1.9200000e+02   0.0000000e+00   4.8183498e+02   2.3881672e+02
   9.6000000e+01   1.9200000e+02   0.0000000e+00   4.8285993e+02   2.8372861e+02
   0.0000000e+00   1.6000000e+02   0.0000000e+00   4.3279370e+02   1.5265493e+02
   3.2000000e+01   1.6000000e+02   0.0000000e+00   4.3361426e+02   2.0388648e+02
   6.4000000e+01   1.6000000e+02   0.0000000e+00   4.3521148e+02   2.5128719e+02
   9.6000000e+01   1.6000000e+02   0.0000000e+00   4.3755839e+02   2.9629799e+02
   0.0000000e+00   1.2800000e+02   0.0000000e+00   3.8003056e+02   1.6469460e+02
   3.2000000e+01   1.2800000e+02   0.0000000e+00   3.8344114e+02   2.1636016e+02
   6.4000000e+01   1.2800000e+02   0.0000000e+00   3.8683784e+02   2.6379568e+02
   9.6000000e+01   1.2800000e+02   0.0000000e+00   3.9071499e+02   3.0902994e+02
   0.0000000e+00   9.6000000e+01   0.0000000e+00   3.2557271e+02   1.7708433e+02
   3.2000000e+01   9.6000000e+01   0.0000000e+00   3.3142828e+02   2.2908255e+02
   6.4000000e+01   9.6000000e+01   0.0000000e+00   3.3728994e+02   2.7712019e+02
   9.6000000e+01   9.6000000e+01   0.0000000e+00   3.4270097e+02   3.2240177e+02
   0.0000000e+00   6.4000000e+01   0.0000000e+00   2.6925460e+02   1.9022190e+02
   3.2000000e+01   6.4000000e+01   0.0000000e+00   2.7781151e+02   2.4241540e+02
   6.4000000e+01   6.4000000e+01   0.0000000e+00   2.8577743e+02   2.9072274e+02
   9.6000000e+01   6.4000000e+01   0.0000000e+00   2.9336669e+02   3.3642882e+02
   0.0000000e+00   3.2000000e+01   0.0000000e+00   2.1053625e+02   2.0341315e+02
   3.2000000e+01   3.2000000e+01   0.0000000e+00   2.2171650e+02   2.5638219e+02
   6.4000000e+01   3.2000000e+01   0.0000000e+00   2.3231054e+02   3.0492047e+02
   9.6000000e+01   3.2000000e+01   0.0000000e+00   2.4199804e+02   3.5082423e+02
   0.0000000e+00   0.0000000e+00   0.0000000e+00   1.4886392e+02   2.1751050e+02
   3.2000000e+01   0.0000000e+00   0.0000000e+00   1.6325841e+02   2.7076072e+02
   6.4000000e+01   0.0000000e+00   0.0000000e+00   1.7630419e+02   3.1961998e+02
   9.6000000e+01   0.0000000e+00   0.0000000e+00   1.8855516e+02   3.6592874e+02
