   0.0000000e+00   2.2400000e+02   0.0000000e+00   4.7231437e+02   1.8154679e+02
   3.2000000e+01   2.2400000e+02   0.0000000e+00   4.6515424e+02   2.2866000e+02
   6.4000000e+01   2.2400000e+02   0.0000000e+00   4.5780655e+02   2.7497094e+02
   9.6000000e+01   2.2400000e+02   0.0000000e+00   4.5110090e+02   3.2116528e+02
   0.0000000e+00   1.9200000e+02   0.0000000e+00   4.2452728e+02   1.7554120e+02
   3.2000000e+01   1.9200000e+02   0.0000000e+00   4.1776062e+02   2.2183948e+02
   6.4000000e+01   1.9200000e+02   0.0000000e+00   4.1085138e+02   2.6753741e+02
   9.6000000e+01   1.9200000e+02   0.0000000e+00   4.0439002e+02   3.1311213e+02
   0.0000000e+00   1.6000000e+02   0.0000000e+00   3.7850690e+02   1.6987997e+02
   3.2000000e+01   1.6000000e+02   0.0000000e+00   3.7196707e+02   2.1561588e+02
   6.4000000e+01   1.6000000e+02   0.0000000e+00   3.6565940e+02   2.6051257e+02
   9.6000000e+01   1.6000000e+02   0.0000000e+00   3.5921131e+02   3.0512714e+02
   0.0000000e+00   1.2800000e+02   0.0000000e+00   3.3378697e+02   1.6457127e+02
   3.2000000e+01   1.2800000e+02   0.0000000e+00   3.2812955e+02   2.0933426e+02
   6.4000000e+01   1.2800000e+02   0.0000000e+00   3.2170255e+02   2.5353119e+02
   9.6000000e+01   1.2800000e+02   0.0000000e+00   3.1563126e+02   2.9744175e+02
   0.0000000e+00   9.6000000e+01   0.0000000e+00   2.9114699e+02   1.5912186e+02
   3.2000000e+01   9.6000000e+01   0.0000000e+00   2.8546587e+02   2.0344077e+02
   6.4000000e+01   9.6000000e+01   0.0000000e+00   2.7946416e+02   2.4680162e+02
   9.6000000e+01   9.6000000e+01   0.0000000e+00   2.7330643e+02   2.9017172e+02
   0.0000000e+00   6.4000000e+01   0.0000000e+00   2.4892269e+02   1.5365162e+02
   3.2000000e+01   6.4000000e+01   0.0000000e+00   2.4343476e+02   1.9727594e+02
   6.4000000e+01   6.4000000e+01   0.0000000e+00   2.3767052e+02   2.4038405e+02
   9.6000000e+01   6.4000000e+01   0.0000000e+00   2.3198658e+02   2.8327505e+02
   0.0000000e+00   3.2000000e+01   0.0000000e+00   2.0824448e+02   1.4839948e+02
   3.2000000e+01   3.2000000e+01   0.0000000e+00   2.0253686e+02   1.9132107e+02
   6.4000000e+01   3.2000000e+01   0.0000000e+00   1.9706135e+02   2.3406189e+02
   9.6000000e+01   3.2000000e+01   0.0000000e+00   1.9146942e+02   2.7655556e+02
   0.0000000e+00   0.0000000e+00   0.0000000e+00   1.6816372e+02   1.4327834e+02
   3.2000000e+01   0.0000000e+00   0.0000000e+00   1.6271443e+02   1.8583555e+02
   6.4000000e+01   0.0000000e+00   0.0000000e+00   1.5742053e+02   2.2790786e+02
   9.6000000e+01   0.0000000e+00   0.0000000e+00   1.5168469e+02   2.6999878e+02
