   0.0000000e+00   2.2400000e+02   0.0000000e+00   3.9258372e+02   1.3773749e+02
   3.2000000e+01   2.2400000e+02   0.0000000e+00   3.7924426e+02   1.7467790e+02
   6.4000000e+01   2.2400000e+02   0.0000000e+00   3.6747814e+02   2.0945751e+02
   9.6000000e+01   2.2400000e+02   0.0000000e+00   3.5640813e+02   2.4271098e+02
   0.0000000e+00   1.9200000e+02   0.0000000e+00   3.5289713e+02   1.3109074e+02
   3.2000000e+01   1.9200000e+02   0.0000000e+00   3.4109705e+02   1.6827256e+02
   6.4000000e+01   1.9200000e+02   0.0000000e+00   3.3001337e+02   2.0375410e+02
   9.6000000e+01   1.9200000e+02   0.0000000e+00   3.2019660e+02   2.3764018e+02
   0.0000000e+00   1.6000000e+02   0.0000000e+00   3.1176219e+02   1.2369351e+02
   3.2000000e+01   1.6000000e+02   0.0000000e+00   3.0112026e+02   1.6224865e+02
   6.4000000e+01   1.6000000e+02   0.0000000e+00   2.9137025e+02   1.9806142e+02
   9.6000000e+01   1.6000000e+02   0.0000000e+00   2.8250527e+02   2.3237716e+02
   0.0000000e+00   1.2800000e+02   0.0000000e+00   2.6882277e+02   1.1560630e+02
   3.2000000e+01   1.2800000e+02   0.0000000e+00   2.5967182e+02   1.5516733e+02
   6.4000000e+01   1.2800000e+02   0.0000000e+00   2.5130261e+02   1.9177935e+02
   9.6000000e+01   1.2800000e+02   0.0000000e+00   2.4355943e+02   2.2710667e+02
   0.0000000e+00   9.6000000e+01   0.0000000e+00   2.2416083e+02   1.0715001e+02
   3.2000000e+01   9.6000000e+01   0.0000000e+00   2.1646954e+02   1.4761551e+02
   6.4000000e+01   9.6000000e+01   0.0000000e+00   2.0945848e+02   1.8550030e+02
   9.6000000e+01   9.6000000e+01   0.0000000e+00   2.0320070e+02   2.2142124e+02
   0.0000000e+00   6.4000000e+01   0.0000000e+00   1.7730323e+02   9.8520240e+01
   3.2000000e+01   6.4000000e+01   0.0000000e+00   1.7157328e+02   1.4018886e+02
   6.4000000e+01   6.4000000e+01   0.0000000e+00   1.6629171e+02   1.7878952e+02
   9.6000000e+01   6.4000000e+01   0.0000000e+00   1.6112527e+02   2.1571268e+02
   0.0000000e+00   3.2000000e+01   0.0000000e+00   1.2898683e+02   9.0172492e+01
   3.2000000e+01   3.2000000e+01   0.0000000e+00   1.2516968e+02   1.3252297e+02
   6.4000000e+01   3.2000000e+01   0.0000000e+00   1.2119471e+02   1.7188290e+02
   9.6000000e+01   3.2000000e+01   0.0000000e+00   1.1747670e+02   2.0972389e+02
   0.0000000e+00   0.0000000e+00   0.0000000e+00   7.9666883e+01   8.1925826e+01
   3.2000000e+01   0.0000000e+00   0.0000000e+00   7.7345946e+01   1.2484601e+02
   6.4000000e+01   0.0000000e+00   0.0000000e+00   7.5103294e+01   1.6527002e+02
   9.6000000e+01   0.0000000e+00   0.0000000e+00   7.2848444e+01   2.0365444e+02
